Халида 52 81884 2051
Янис 33 66420 2051
Карлен 36 58179 2051
Сабыржан 62 57112 2051
Иман 32 74408 2051
Айжан 64 73554 2051
Васьок 41 99614 2051
Галенька 64 99722 2051
Мадлена 49 81793 2051
Мира 62 91888 2051
Сабрина 61 72822 2051
Неличка 47 82775 2051
Вовчик 64 55912 2051
Фларит 50 87285 2051
Сергей 35 64355 2051
Раджаб 61 57028 2051
Алинчик 63 75881 2051
Туйаара 65 72395 2051
Айя 65 98368 2051
Віталік 26 98414 2051
Алег 53 93230 2051
Николя 30 97289 2051
Ганна 35 98664 2051
Галчонок 43 62230 2051
Аграфена 59 92122 2051
Михаил 46 72269 2051
Олюшка 28 70787 2051
Вовочка 46 93738 2051
Аделька 44 59538 2051
Тося 51 56235 2051
Алана 50 72557 2051
Светка 45 81127 2051
Танюся 40 95142 2051
Темирлан 51 68048 2051
Абу 56 87225 2051
Коля 61 97615 2051
Таня 43 80029 2051
Жанар 62 77874 2051
Элизабет 44 92297 2051
Катюша 50 72700 2051
Анастасья 39 60805 2051
Сержио 28 87961 2051
Региша 65 78758 2051
Анечка 39 97318 2051
Ильфат 49 62053 2051
Рубен 54 95428 2051
Андрiй 41 99128 2051
Таисия 39 65789 2051
Ленуська 48 56844 2051
Каролина 51 73713 2051
Софико 31 65917 2051
Фарид 30 83053 2051
Санечка 28 91103 2051
Милослава 26 84017 2051
Нацу 41 77733 2051
Том 64 72991 2051
Махамбет 27 60208 2051
Эрес 32 81858 2051
Толік 31 97163 2051
Виточка 30 86992 2051
Шахзод 58 88388 2051
Стефани 32 79488 2051
Оливия 41 67903 2051
Байрта 48 65560 2051
Линара 32 64639 2051
Аполинария 50 87570 2051
Эльвирка 48 56118 2051
Анора 52 70195 2051
Бахруз 60 83755 2051
Максим 62 94479 2051
Джемма 48 63644 2051
Натуся 33 80056 2051
Рузина 56 91298 2051
Карина 49 77472 2051
Наталі 54 62875 2051
Глюза 49 58882 2051
Данёк 30 86312 2051
Полина 32 61220 2051
Туяра 65 65384 2051
Ойбек 39 75572 2051
Вреж 29 55709 2051
Вова 41 90701 2051
Леночка 49 62768 2051
Тая 43 96871 2051
Лиличка 28 85727 2051
Зарифа 56 65846 2051
Яринка 54 88030 2051
Айгуль 41 70276 2051
Лусине 34 63049 2051
Ілюха 65 77871 2051
Региночка 42 70398 2051
Финат 33 84126 2051
Даши 57 56249 2051
Канан 34 92782 2051
Лолита 28 71129 2051
Наргиз 62 77746 2051
Марийка 53 90890 2051
Ларик 40 95152 2051
Виген 40 81108 2051
Эстелла 46 83454 2051
Виолета 50 96944 2051
Амид 36 72180 2051
Айдамир 26 74473 2051
Ярік 65 96814 2051
Раман 26 89531 2051
Зауре 38 74120 2051
Танька 59 98459 2051
Василиса 65 88116 2051
Карл 33 55829 2051
Марина 47 83041 2051
Валдис 30 69092 2051
Танчик 63 81555 2051
Баина 42 61435 2051
Тёмчик 41 74790 2051
Ваагн 26 97187 2051
Зухра 44 60927 2051
Реваль 60 57086 2051
Серхио 32 67185 2051
Савия 38 97387 2051
Разил 44 79039 2051
Лев 56 89432 2051
Хамза 46 94847 2051
Олия 40 73756 2051
Эльнура 60 82961 2051
Верунька 65 85353 2051
Эля 42 86906 2051
Жентос 28 79747 2051
Дулма 30 88195 2051
Жамбыл 65 76231 2051
Расиля 43 84257 2051
Гулькай 30 81858 2051
Айнар 58 95669 2051
Ульяна 41 78504 2051
Тёмка 52 71383 2051
Оленка 52 74963 2051
Спартак 30 57412 2051
Винера 45 76904 2051
Изабель 27 82800 2051
Абакар 42 92101 2051
Димуля 43 87419 2051
Ликуся 48 93076 2051
Рок 51 97155 2051
Гомер 64 64041 2051
Дианна 38 62679 2051
Юлианна 44 63025 2051
Наденька 51 73371 2051
Намиг 42 87345 2051
Гульназка 34 58656 2051
Флера 57 59619 2051
Томочка 38 91341 2051
Акшин 33 95889 2051
Сафина 47 79647 2051
Айтал 28 70589 2051
Куат 63 64305 2051
Лидия 57 55080 2051
Жорик 40 72640 2051
Моника 34 74343 2051
Ибраим 53 87398 2051
Мекан 62 74620 2051
Рей 27 92145 2051
Каролинка 49 96576 2051
Сабинка 64 58894 2051
Юрис 38 57345 2051
Эзиз 46 95090 2051
Бага 58 87382 2051
Ксюшечка 44 85566 2051
Алишер 33 67485 2051
Кевин 48 98010 2051
Алёнка 62 93554 2051
Бахтовар 61 91559 2051
Кенни 40 98818 2051
Володька 32 92765 2051
Мисаки 36 63563 2051
Ильхам 52 68592 2051
Лєнка 61 91955 2051
Болат 53 82844 2051
Юрко 53 70554 2051
Артём 56 67421 2051
Ильхом 29 67820 2051
Лексей 33 70952 2051
Радиф 46 90926 2051
Жанат 63 69863 2051
Томаш 30 74590 2051
Инесса 38 75008 2051
Аюб 50 69263 2051
Жанка 49 76133 2051
Аня 30 62380 2051
Илюшка 36 61564 2051
Хусейн 26 96164 2051
Любава 41 99822 2051
Как 58 85433 2051
Инусик 37 71402 2051
Динис 50 58659 2051
Фарман 49 74423 2051
Динарка 55 69808 2051
Свєтка 59 71494 2051
Женичка 48 67669 2051
Нуржан 28 65941 2051
Машута 31 86052 2051
Илнур 36 73636 2051
Лілія 48 97209 2051
Евлампий 55 95685 2051
Аличка 65 94363 2051
Мишутка 40 75665 2051
Стаська 43 66671 2051
Кундыз 31 62733 2051
Рафина 33 62658 2051
Михайло 64 99731 2051
Эллочка 31 68126 2051
Лекс 65 82285 2051
Индира 65 74562 2051
Эвелинка 36 88128 2051
Серёженька 54 61876 2051
Роланд 46 71413 2051
Флора 65 55240 2051
Вюсал 53 96412 2051
Рем 40 72842 2051
Айпери 30 74129 2051
Алиначка 50 95052 2051
Марьяшка 56 62345 2051
Шурочка 50 58510 2051
Туран 28 59713 2051
Эвелина 43 56041 2051
Эличка 49 66013 2051
Серьога 36 80180 2051
Таничка 42 94055 2051
Азам 41 82572 2051
Рамила 34 84482 2051
Кенан 36 65272 2051
Серега 56 65919 2051
Жендос 52 74346 2051
Сава 57 62372 2051
Сердар 32 98420 2051
Абдула 45 56930 2051
Магжан 55 77559 2051
Алеся 37 86010 2051
Галочка 26 95772 2051
Гульчик 56 60741 2051
Ваз 31 92423 2051
Леонард 33 84217 2051
Каріна 57 70215 2051
Темир 37 59885 2051
Алёша 43 77148 2051
Малика 30 62460 2051
Илсур 52 86367 2051
Даша 55 65706 2051
Алиби 49 96768 2051
Рустэм 50 62854 2051
Альбус 48 96507 2051
Инночка 60 75794 2051
Назік 63 96759 2051
Фируза 45 79365 2051
Антоніна 31 66156 2051
Анэт 37 60027 2051
Алька 42 79360 2051
Эльмирочка 64 70768 2051
Назим 57 83617 2051
Матвей 28 83954 2051
Айрин 50 80319 2051
Усман 37 74250 2051
Шота 31 64082 2051
Данька 33 65572 2051
Арти 45 67727 2051
Тома 49 72674 2051
Аржаан 64 76664 2051
Айна 46 61783 2051
Кирюша 48 67434 2051
Люська 45 84449 2051
Омак 40 82257 2051
Дилара 31 64440 2051
Сержик 50 77874 2051
Светик 34 69859 2051
Ромич 45 66171 2051
Іра 35 76354 2051
Радим 38 76299 2051
Ден 44 85957 2051
Ал 32 99466 2051
Жанболат 64 72022 2051
Іванна 64 61818 2051
Генрих 43 75708 2051
Саддам 42 82621 2051
Мохаммед 45 73603 2051
Каталина 51 81114 2051
Лейли 42 56298 2051
Марзия 49 99232 2051
Скай 39 90881 2051
Сагит 29 89683 2051
Арнольд 48 64046 2051
Зомби 57 84136 2051
Улянка 64 94612 2051
Галя 61 80068 2051
Димок 64 62799 2051
Альяна 53 95570 2051
Алекс 65 65874 2051
Лора 61 99616 2051
Гульзада 30 75310 2051
Юльча 53 95559 2051
Юлія 65 99150 2051
Альфред 34 92674 2051
Натка 47 94913 2051
Алиюша 45 68461 2051
Раиль 43 78118 2051
Мухамад 46 86534 2051
Раян 44 79244 2051
Бпан 60 89623 2051
Шахин 54 84189 2051
Умид 53 82288 2051
Иночка 53 95653 2051
Илфат 52 80558 2051
Танюсик 27 87030 2051
Людмила 35 82003 2051
Робин 33 83837 2051
Анд 53 83571 2051
Мерей 33 71026 2051
Серёня 65 99835 2051
Гульшат 38 83826 2051
Илиза 59 55524 2051
Криста 57 57865 2051
Катериночка 29 86038 2051
Филимон 55 70882 2051
Асиф 62 74879 2051
Януля 41 72535 2051
Тоня 37 94110 2051
Кристи 33 60785 2051
Азалина 60 58937 2051
Ветер 63 91703 2051
Рафа 30 55086 2051
Гордей 46 66947 2051
Очир 28 91050 2051
Алена 63 70011 2051
Саглара 38 58709 2051
Кантемир 64 87561 2051
Андрий 26 69698 2051
Наточка 27 55760 2051
Гулюса 29 71667 2051
Натан 59 84650 2051
Николаи 48 76826 2051
Дуня 39 83952 2051
Аскер 36 60029 2051
Баха 51 91698 2051
Кристишка 61 57056 2051
Закир 34 90785 2051
Аида 48 59588 2051
Адольф 44 71427 2051
Лейля 40 91256 2051
Этери 61 76392 2051
Герда 59 56764 2051
Толян 60 78397 2051
Солбон 62 56357 2051
Равия 50 62103 2051
Динка 33 87482 2051
Герасим 41 90107 2051
Терентий 46 62147 2051
Мелания 40 76842 2051
Мишка 32 72432 2051
Милина 34 65487 2051
Рагим 54 59961 2051
Ермек 58 89703 2051
Танечка 51 74691 2051
Ванька 31 95778 2051
Серёжик 45 95610 2051
Эрик 35 70784 2051
Сергуня 54 65517 2051
Евпатий 57 57602 2051
Давлет 50 61952 2051
Белый 54 60281 2051
Руся 28 92005 2051
Тёмик 51 74086 2051
Габит 32 94754 2051
Валерий 62 93515 2051
Леонора 32 89227 2051
Мишель 58 63806 2051
Ируня 64 80288 2051
Павлік 44 73700 2051
Рамзиль 51 90461 2051
Рауль 28 99487 2051
Дениска 40 69009 2051
Валерон 51 76237 2051
Ислям 50 98559 2051
Газиза 50 89621 2051
Доска 27 99465 2051
Маргаритка 46 57026 2051
Аделечка 40 55414 2051
Мгер 42 69523 2051
Аюна 62 72132 2051
Святогор 28 82247 2051
Вьячеслав 54 75313 2051
Сахиб 38 71602 2051
Питер 36 85045 2051
Яночка 38 75126 2051
Дёма 29 68567 2051
Аліночка 53 80485 2051
Хизри 29 60961 2051
Ольча 35 90937 2051
Витаха 42 73595 2051
Муслима 62 88270 2051
Шынар 40 81361 2051
Гюзяль 53 98260 2051
Натиг 26 79387 2051
Надюфка 45 66074 2051
Мілана 61 59330 2051
Нинка 27 77538 2051
Тогжан 32 93925 2051
Земфир 31 89923 2051
Димыч 54 88281 2051
Игорёшка 53 60042 2051
Даря 44 87958 2051
Анеля 49 71371 2051
Любашка 60 83181 2051
Лёва 56 58234 2051
Франц 56 98196 2051
Паша 43 56529 2051
Януська 32 99322 2051
Вин 40 97447 2051
Андріан 59 89336 2051
Корнелия 61 99221 2051
Дэвид 49 92186 2051
Надюха 30 68465 2051
Вероничка 46 86197 2051
Джефф 38 92742 2051
Едвард 31 78517 2051
Арби 54 96180 2051
Клементина 37 63436 2051
Гурбан 35 67531 2051
Вадік 62 56447 2051
Костян 27 72802 2051
Пара 63 84262 2051
Султан 26 98422 2051
Євгений 35 81048 2051
Александрия 41 96096 2051
Зинфира 65 77746 2051
Клодин 53 59679 2051
Арен 38 88005 2051
Темыч 47 62293 2051
Серго 65 84508 2051
Хабиб 62 90762 2051
Демис 63 93201 2051
Павла 30 91484 2051
Рафаиль 62 95521 2051
Віра 42 97564 2051
Клим 42 57986 2051
Тати 45 81861 2051
Алиев 27 84207 2051
Еркебулан 38 65058 2051
Иракли 62 59448 2051
Улька 31 67357 2051
Рената 29 96096 2051
Азалия 27 88947 2051
Савелий 52 88475 2051
Самрат 57 57937 2051
Евген 32 79445 2051
Семен 42 66776 2051
Ирен 33 99732 2051
Боб 65 67321 2051
Анастейша 36 74516 2051
Никуся 43 99452 2051
Гюзель 29 61947 2051
Разида 34 80830 2051
Анита 38 58075 2051
Иванов 34 66485 2051
Ванёк 33 66214 2051
Ромик 59 70646 2051
Алика 50 55298 2051
Шенне 50 64308 2051
Илия 59 82636 2051
Русланчик 54 62228 2051
Василина 59 86876 2051
Гульнарочка 35 95957 2051
Катюнечка 36 96161 2051
Гульфира 65 95323 2051
Лайсан 31 59803 2051
Сая 36 78053 2051
Тарлан 35 69044 2051
Джоник 62 82067 2051
Свєта 28 78043 2051
Томик 29 66659 2051
Иванна 59 90995 2051
Милый 29 86784 2051
Кеша 57 86829 2051
Айдаш 52 83087 2051
Деми 46 85213 2051
Марьянка 30 55507 2051
Саид 47 90704 2051
Алеша 65 60397 2051
Васиф 54 90294 2051
Рамиз 33 70609 2051
Витас 26 63220 2051
Наталка 29 94960 2051
Аклима 60 92474 2051
Анджелика 32 67105 2051
Салта 58 73948 2051
Маргошка 34 90601 2051
Ангела 35 92300 2051
Ленур 44 75463 2051
Джордж 31 73067 2051
Грант 52 90785 2051
Калерия 59 73208 2051
Галюнчик 45 78042 2051
Микки 52 96601 2051
Гамлет 30 65811 2051
Антошка 32 58500 2051
Эрнесто 35 98527 2051
Темур 36 89851 2051
Эмиля 60 55296 2051
Авдей 57 92074 2051
Лизавета 35 83084 2051
Ридван 47 74513 2051
Эллина 52 92217 2051
Генчик 56 76623 2051
Лёлечка 36 96902 2051
Кэтти 30 92677 2051
Вад 28 67105 2051
Имиль 27 76120 2051
Амиль 38 97967 2051
Олежек 42 96065 2051
Ташка 64 59468 2051
Людок 39 93008 2051
Амина 62 98423 2051
Пахан 49 94579 2051
Раяна 27 56562 2051
Вильнур 39 74343 2051
Гузаля 35 67891 2051
Яха 53 68249 2051
Эльзара 31 96891 2051
Галия 37 89324 2051
Тамуна 54 98015 2051
Сёмка 33 84632 2051
Юджин 39 84878 2051
Айсылу 59 74188 2051
Наталя 47 79968 2051
Чарли 32 65365 2051
Клондайк 48 75450 2051
Вітуся 64 87820 2051
Зубаржат 27 95845 2051
Маруся 34 77292 2051
Лол 63 60403 2051
Алексия 35 71155 2051
Сабир 41 91827 2051
Айнура 40 60845 2051
Гульзат 46 87994 2051
Акжол 30 98349 2051
Жаркое 57 64869 2051
Разим 60 89475 2051
Миляшка 46 80669 2051
Архат 62 92532 2051
Тахир 29 56730 2051
Лея 32 60933 2051
Нуриддин 54 90079 2051
Хината 47 93319 2051
Руслана 53 65485 2051
Кушина 58 69139 2051
Аманда 35 66826 2051
Алий 39 73648 2051
Ярина 51 91736 2051
Люсьена 51 56351 2051
Эдем 43 57041 2051
Лёшка 47 75110 2051
Кузьма 54 58304 2051
Света 59 90698 2051
Умар 56 69770 2051
Ангелиночка 58 63266 2051
Дидар 49 81384 2051
Ерлан 40 57275 2051
Ники 62 85294 2051
Айбек 46 75997 2051
Олесь 28 70444 2051
Павлушка 48 75414 2051
Тиночка 63 90570 2051
Арам 37 97337 2051
Анка 56 69193 2051
Веталик 60 85561 2051
Кіра 51 64725 2051
Гали 47 86099 2051
Юлай 30 67206 2051
Юрка 42 98848 2051
Людмилка 63 80232 2051
Залимхан 65 77826 2051
Соничка 38 76710 2051
Няша 49 90068 2051
Нюська 31 91354 2051
Танат 31 95991 2051
Сама 29 63252 2051
Аруна 40 95359 2051
Багира 56 82502 2051
Аршак 53 96573 2051
Нася 38 86150 2051
Костик 49 70544 2051
Лидуся 56 95406 2051
Стьюи 38 67801 2051
Лека 51 63532 2051
Кира 50 84897 2051
Забава 60 93405 2051
Некет 47 81810 2051
Светуля 51 81517 2051
Марлен 50 69879 2051
Цырен 28 60332 2051
Санал 65 56022 2051
Рафит 65 68175 2051
Ванес 47 59080 2051
Юрий 45 96431 2051
Барак 34 62985 2051
Ильфар 53 78373 2051
Арик 33 89660 2051
Дархан 53 59945 2051
Альбишка 45 62602 2051
Талгат 55 92754 2051
Сабиночка 56 86734 2051
Ана 31 88916 2051
Райфа 61 65526 2051
Максимилиан 62 87540 2051
Жанночка 41 74801 2051
Довран 48 68751 2051
Альфия 42 58703 2051
Умед 53 68439 2051
Жаргалма 50 97722 2051
Викуша 64 69901 2051
Веруська 39 77713 2051
Алексей 34 95208 2051
Медина 52 89895 2051
Світланка 31 72510 2051
Ариана 50 92854 2051
Хадижа 46 77849 2051
Гэрэлма 44 69544 2051
Дейдара 60 75408 2051
Карим 47 82678 2051
Викки 52 92530 2051
Данна 26 58686 2051
Жибек 45 95074 2051
Евдокия 40 72742 2051
Эльчин 35 85014 2051
Яник 31 76174 2051
Алсу 62 85202 2051
Фаузия 31 65555 2051
Назым 39 98463 2051
Филия 26 79120 2051
Альфис 52 58025 2051
Казимир 36 80621 2051
Мадара 55 67691 2051
Джейсон 56 68983 2051
Даха 58 97500 2051
Антонио 65 74665 2051
Джимми 50 77673 2051
Ляйсаночка 43 77123 2051
Еленочка 36 61064 2051
Корней 44 77160 2051
Фарух 40 96586 2051
Аэлита 37 86652 2051
Алтана 28 61937 2051
Лаура 41 68409 2051
Айка 57 99776 2051
Барбара 42 59567 2051
Пєтя 61 65060 2051
Малинка 42 56924 2051
Кирсан 59 92207 2051
Грета 38 86464 2051
Анічка 55 85843 2051
Джасур 32 98199 2051
Эдмон 41 98812 2051
Риваль 49 64964 2051
Степка 57 64458 2051
Илюха 58 95916 2051
Витюшка 27 58546 2051
Вильям 59 96473 2051
Ростик 44 97688 2051
Хусан 34 84257 2051
Станислав 37 86475 2051
Зорянка 51 66228 2051
Бобур 37 82968 2051
Люси 61 59772 2051
Мика 57 67546 2051
Баглан 51 83729 2051
Ирэн 49 92653 2051
Аркадій 45 94749 2051
Магдалина 58 68885 2051
Олежа 41 72729 2051
Заурбек 61 61270 2051
Ирусик 33 65777 2051
Сергiй 61 96906 2051
Раиф 39 83350 2051
Ханна 37 77114 2051
Шахрияр 30 72886 2051
Женя 37 82725 2051
Валех 39 81391 2051
Гульдар 37 73413 2051
Кариша 32 95879 2051
Нарина 56 70957 2051
Равиля 58 76100 2051
Азар 61 89602 2051
Альоша 31 68972 2051
Агиль 36 82000 2051
Айрат 41 83850 2051
Асия 64 63998 2051
Ириша 63 56215 2051
Ринчин 40 74697 2051
Даурен 54 78355 2051
Вичка 29 86063 2051
Лада 61 78580 2051
Валюха 29 97568 2051
Верочка 38 89694 2051
Рукия 64 83867 2051
Витюша 31 68825 2051
Руфат 61 75230 2051
Тигран 54 69833 2051
Милька 42 81520 2051
Доминика 33 95913 2051
Мурад 31 92130 2051
Гуленька 35 94557 2051
Санчес 53 57638 2051
Аарон 35 80017 2051
Златочка 50 79799 2051
Хаким 29 86158 2051
Свет 48 63028 2051
Радислав 27 95447 2051
Зиля 42 98525 2051
Зинфир 35 79533 2051
Лала 59 99752 2051
Анатолий 57 60565 2051
Лиана 64 93271 2051
Юля 43 79337 2051
Нурлыбек 27 83236 2051
Митя 64 71844 2051
Музаффар 46 88348 2051
Иннусик 31 79263 2051
Амрах 54 65550 2051
Зульфира 44 87557 2051
Илария 56 92876 2051
Наташенька 33 74904 2051
Джозеф 26 79047 2051
Вениамин 64 76730 2051
Оганнес 50 71142 2051
Раксана 31 63683 2051
Павлик 39 81514 2051
Искандар 31 98789 2051
Даврон 53 62637 2051
Жазира 48 70094 2051
Мерген 46 71743 2051
Натусечка 47 59602 2051
Иулия 32 56650 2051
Лука 29 95447 2051
Микаил 38 70909 2051
Зульфина 32 85371 2051
Владлен 57 98593 2051
Авелина 61 68048 2051
Юки 65 85758 2051
Шамиль 54 99300 2051
Танюшка 51 84094 2051
Діма 56 76069 2051
Таньчик 62 56675 2051
Тазы 26 94344 2051
Крит 47 75214 2051
Айнаш 45 70817 2051
Игорёша 26 93706 2051
Никон 36 55609 2051
Ион 57 98443 2051
Лилу 54 91092 2051
Флюза 36 68550 2051
Церен 39 81314 2051
Же 47 79007 2051
Иляна 28 56527 2051
Кристина 29 81506 2051
Цветана 39 69588 2051
Юран 42 69006 2051
Вивианна 51 55824 2051
Мишанька 47 62444 2051
Роджер 33 81230 2051
Гюнай 38 77111 2051
Хуршед 43 98362 2051
Тётя 37 73077 2051
Алесь 35 64888 2051
Ничка 48 87593 2051
Масяня 47 83160 2051
Гамзат 28 63310 2051
Елисавета 65 82397 2051
Владислава 57 95630 2051
Валєра 55 91772 2051
Арут 64 73482 2051
Дюша 31 74163 2051
На 65 61019 2051
Роксолана 50 90482 2051
Вадюха 49 68692 2051
Шамхал 56 93413 2051
Таміла 33 68988 2051
Парвин 43 68483 2051
Шавкат 36 80804 2051
Ильнар 38 88734 2051
Полька 39 66849 2051
Галюша 35 66905 2051
Афиша 30 84651 2051
Апполинария 58 76317 2051
Виталя 36 61931 2051
Рунар 45 70565 2051
Сания 48 94771 2051
Лали 30 59387 2051
Тарик 35 79718 2051
Хадиджа 57 60670 2051
Алка 57 62774 2051
Лианна 49 96452 2051
Нил 65 79387 2051
Князь 47 65359 2051
Валерик 47 77470 2051
Манас 36 66609 2051
Нюргуяна 27 74004 2051
Адильжан 51 60696 2051
Рахим 39 57767 2051
Ирада 42 55600 2051
Зелимхан 61 93200 2051
Светлана 54 84425 2051
Никки 52 64571 2051
Олеся 42 94739 2051
Айдана 28 56222 2051
Блум 65 86066 2051
Фрол 59 62385 2051
Леван 59 96026 2051
Эстер 65 73004 2051
Айше 63 90150 2051
Серий 64 84384 2051
Иоанна 64 67697 2051
Карэн 29 91275 2051
Милка 35 56979 2051
Эдмонд 57 78415 2051
Румия 63 76871 2051
Руфина 32 72239 2051
Васька 49 97388 2051
Вован 29 82665 2051
Янусик 26 76227 2051
Михась 42 64589 2051
Віталька 53 91225 2051
Ваня 35 73486 2051
Абубакар 31 55277 2051
Михей 34 78301 2051
Гайса 59 56675 2051
Чинара 43 97716 2051
Дамдин 35 97250 2051
Марал 61 75818 2051
Оля 27 61331 2051
Наринэ 37 63387 2051
Ліда 49 60719 2051
Вилли 32 85523 2051
Эльмирка 57 92273 2051
Каринэ 46 62832 2051
Асемгуль 64 87036 2051
Олесечка 53 90598 2051
Аленка 55 84010 2051
Любочка 49 71593 2051
Миша 56 81672 2051
Арнур 55 75275 2051
Мурик 55 91481 2051
Азамат 58 81053 2051
Радис 48 96388 2051
Дамир 60 87342 2051
Сария 60 78312 2051
Йолдыз 35 88975 2051
Славко 53 66986 2051
Алёнчик 57 77167 2051
Стас 64 89383 2051
Анур 32 93050 2051
Самвел 53 61368 2051
Кик 61 60005 2051
Салих 53 67050 2051
Радий 26 66449 2051
Миса 38 89504 2051
Далгат 56 60248 2051
Гагик 43 88713 2051
Гаджимурад 65 78329 2051
Лева 27 57094 2051
Бехруз 47 89686 2051
Ляна 64 65647 2051
Юлечка 29 87487 2051
Андрей 32 58904 2051
Шакир 41 56378 2051
Лилит 35 71854 2051
Тиана 59 75928 2051
Ердос 30 96219 2051
Эллада 59 96532 2051
Натусик 59 92379 2051
Елизаветта 35 86091 2051
Галичка 64 64354 2051
Єлизавета 57 69542 2051
Саныч 56 63095 2051
Божена 31 64679 2051
Еріка 31 90014 2051
Святой 35 67750 2051
Изольда 41 98851 2051
Коба 51 82385 2051
Лялечка 52 91200 2051
Назир 37 96716 2051
Шахбоз 49 91471 2051
Бахром 39 57545 2051
Альбинчик 53 99711 2051
Агзам 53 73868 2051
Женечка 65 63230 2051
Залим 38 95761 2051
Ада 40 64207 2051
Жаннет 39 63521 2051
Валера 43 82934 2051
Исмаил 47 75763 2051
Хаял 61 84147 2051
Лизунька 57 81629 2051
Зера 34 84060 2051
Ильнара 64 78367 2051
Ренатка 54 84531 2051
Ищу 44 85189 2051
Салман 40 77247 2051
Эльвина 27 77669 2051
Арпине 43 58680 2051
Стеша 49 90797 2051
Курбан 46 69877 2051
Ан 45 97063 2051
Сона 48 67352 2051
Бегенч 60 77487 2051
Натуличка 41 87720 2051
Раушан 56 64753 2051
Лилечка 65 81575 2051
Лила 42 60715 2051
Ильяр 62 69370 2051
Татарин 51 87285 2051
Гамид 43 81650 2051
Алия 63 62225 2051
Кемал 58 61764 2051
Луизочка 63 87348 2051
Ксенія 42 66103 2051
Добрыня 53 94872 2051
Равиль 29 93383 2051
Тимка 65 69986 2051
Махир 27 84171 2051
Нурсулу 34 59708 2051
Фаиг 37 99358 2051
Фекла 55 73620 2051
Аяз 30 65496 2051
Феруза 51 92631 2051
Ахмед 50 85953 2051
Полад 30 55339 2051
Шохрух 57 68375 2051
Олежик 50 55145 2051
Мейлис 47 96988 2051
Бэла 48 55599 2051
Юнир 45 94548 2051
Дина 26 79180 2051
Эйнар 58 84031 2051
Викулечка 33 83506 2051
Ален 26 85634 2051
Юляха 33 66426 2051
Татьянка 46 70741 2051
Андрюха 56 60129 2051
Гюльнара 49 62692 2051
Фаннур 54 76570 2051
Винсент 52 80318 2051
Куандык 43 69972 2051
Ната 28 55607 2051
Нагима 65 69202 2051
Геннадій 49 69869 2051
Вераника 27 86780 2051
Вильмир 49 99328 2051
Ираклий 31 85361 2051
Херел 26 58688 2051
Петрик 40 99056 2051
Тенгиз 27 85256 2051
Джей 51 87618 2051
Араз 30 82796 2051
Мингиян 45 72085 2051
Эленька 34 70609 2051
Руфия 40 98952 2051
Марат 47 91889 2051
Илназ 59 98427 2051
Ренат 41 81821 2051
Грей 64 98669 2051
Лёся 31 90042 2051
Колясик 48 78044 2051
Аделаида 47 67376 2051
Айгерима 27 98648 2051
Фархат 64 67430 2051
Гала 30 59812 2051
Эрдэм 26 98679 2051
Адильбек 55 81587 2051
Аурелия 46 86961 2051
Адилет 35 76964 2051
Марио 36 56011 2051
Анатолій 33 72529 2051
Мамед 32 69069 2051
Викушка 36 89921 2051
Алина 49 64641 2051
Бегимай 65 84403 2051
Нютка 63 91211 2051
Діаночка 33 99402 2051
Эдита 45 71362 2051
Янита 43 77385 2051
Вормикс 40 74069 2051
Навруз 48 68095 2051
Агнесса 48 97384 2051
Мартуся 35 95547 2051
Неля 32 99513 2051
Вадiм 55 82599 2051
Зарима 63 96869 2051
Лідія 42 69324 2051
Фануза 47 88738 2051
Максик 42 96527 2051
Азим 28 75888 2051
Санька 43 65133 2051
Толянчик 38 93799 2051
Адильхан 58 69761 2051
Тимурка 53 91590 2051
Гузалия 46 59703 2051
Динарочка 57 56700 2051
Асылбек 56 90673 2051
Соломон 30 72056 2051
Николай 58 64553 2051
Рашит 53 70807 2051
Юлясик 62 57343 2051
Васса 29 76978 2051
Викуся 30 59345 2051
Влас 64 99442 2051
Левон 43 77109 2051
Ляйля 43 75531 2051
Люзия 34 61607 2051
Жаник 47 87121 2051
Ариф 40 77311 2051
Диночка 41 58076 2051
Андрій 41 59846 2051
Фаниля 35 75379 2051
Татевик 26 89464 2051
Айгиза 56 70023 2051
Ивана 53 85832 2051
Настёныш 31 72556 2051
Ильмира 59 67691 2051
Танюська 44 92463 2051
Яков 63 71048 2051
Светуся 64 95786 2051
Диего 54 89031 2051
Изалия 46 72196 2051
Фаниса 30 90989 2051
Натулечка 38 94163 2051
Лесёна 32 61957 2051
Витюня 26 87579 2051
Каралина 32 71405 2051
Ак 35 87505 2051
Адам 28 91285 2051
Евеліна 33 60176 2051
Мухаммед 36 79508 2051
Софочка 59 88109 2051
Нигина 33 74720 2051
Икрам 42 62003 2051
Маргулан 49 98296 2051
Жалгас 35 75826 2051
Разиф 52 72252 2051
Танюха 44 68492 2051
Татьяна 31 96946 2051
Сабит 32 70905 2051
Арчи 41 64585 2051
Насима 38 87808 2051
Оля-Ля 65 72708 2051
Аллуся 33 59441 2051
Нурсултан 38 63380 2051
Амир 61 81049 2051
Фирая 61 58768 2051
Мелиса 43 81861 2051
Саске 40 95980 2051
Нона 52 83057 2051
Эль 61 93154 2051
Лана 44 95770 2051
Айтуган 47 75247 2051
Бек 49 94510 2051
Митрий 32 96688 2051
Марійка 41 92742 2051
Джони 64 93998 2051
Хулиган 49 74763 2051
Виталька 34 60627 2051
Жасмин 65 95972 2051
Кристинчик 60 59864 2051
Мадлен 49 83195 2051
Мариана 34 55299 2051
Наташка 33 62214 2051
Джалил 54 66234 2051
Адик 57 92076 2051
Фидель 35 97458 2051
Тим 31 84446 2051
Риналь 53 67439 2051
Дугар 31 72876 2051
Анжела 51 57756 2051
Баярма 65 69379 2051
Севинч 30 83132 2051
Фларида 49 62881 2051
Марья 65 98360 2051
Наиля 28 76055 2051
Энтони 26 92911 2051
Димитрий 62 85431 2051
Елизавета 53 61893 2051
Шохрат 50 57745 2051
Лизанька 42 76416 2051
Вера 28 66991 2051
Данияр 56 92962 2051
Маруська 58 57036 2051
Ульфат 28 80092 2051
Али 32 61586 2051
Эдгард 35 82168 2051
Альфида 59 57152 2051
Фёкла 41 71523 2051
Даниэль 53 89526 2051
Райнур 34 68802 2051
Зилара 43 89021 2051
Алима 41 94052 2051
Кежик 40 87526 2051
Гульден 31 76959 2051
Гаухар 54 63720 2051
Эдуард 44 74291 2051
Раиля 53 87536 2051
Зайнаб 28 88632 2051
Сергій 40 62951 2051
Юсиф 57 72969 2051
Ліана 34 98191 2051
Наталина 60 75156 2051
Умида 60 90709 2051
Машулька 47 71908 2051
Олик 61 80891 2051
Крестина 28 61919 2051
Иришечка 29 80302 2051
Саманта 30 98131 2051
Руслик 53 62358 2051
Юляша 42 80400 2051
Нина 26 81807 2051
Ильюха 36 68394 2051
Алдияр 50 63570 2051
Алимхан 27 77706 2051
Гулечка 63 69223 2051
Эльвирочка 62 58716 2051
Семья 62 59098 2051
Эка 57 89320 2051
Фарис 39 83123 2051
Эльвера 37 86066 2051
Ефрем 64 93839 2051
Вофка 41 85358 2051
Вахит 54 79139 2051
Даночка 61 67202 2051
Ильдар 50 94212 2051
Мирас 45 84819 2051
Иннуська 37 70386 2051
За 34 86458 2051
Ралиф 50 57745 2051
Гриха 61 69390 2051
Димаш 42 93350 2051
Элина 40 70706 2051
Танита 27 62250 2051
Лейсана 51 79498 2051
Славон 60 87907 2051
Оюна 35 64261 2051
Надира 38 98671 2051
Жамиля 65 85086 2051
Махаббат 55 87775 2051
Валюшка 27 58262 2051
Наби 62 84819 2051
Гари 32 59790 2051
Байрам 39 98549 2051
Андрон 45 56705 2051
Кетрин 56 60030 2051
Оксана 60 75098 2051
Карлос 64 96996 2051
Альфир 40 58778 2051
Лелька 54 90107 2051
Никола 55 81108 2051
Бодька 45 82592 2051
Алефтина 35 91916 2051
Эдвард 42 75658 2051
Джейн 48 78094 2051
Юліанна 39 76227 2051
Сергий 62 95569 2051
Леня 26 70278 2051
Ришат 43 77133 2051
Итачи 58 87527 2051
Гоар 27 74459 2051
Динислам 42 70116 2051
Досжан 46 87192 2051
Айсу 39 68347 2051
Люция 62 65139 2051
Марко 57 89559 2051
Адиля 57 66422 2051
Ляйсян 30 99344 2051
Егорчик 57 94563 2051
Гелена 38 89499 2051
Радик 56 70756 2051
Ленария 41 91212 2051
Магамед 59 56374 2051
Агата 39 59726 2051
Хафиз 41 60303 2051
Зоряна 54 64388 2051
Самед 55 86597 2051
Хачатур 35 75674 2051
Амаль 26 61568 2051
Тимати 32 99719 2051
Владочка 34 97072 2051
Анастас 44 95190 2051
Камиля 56 98885 2051
Катерина 29 79892 2051
Гадель 47 92634 2051
Антоша 60 85863 2051
Альберт 64 81496 2051
Язгуль 64 67865 2051
Людка 40 66614 2051
Раниф 26 65945 2051
Разина 63 79899 2051
Толя 49 65294 2051
Темирхан 52 84096 2051
Вусал 51 63894 2051
Томка 65 78731 2051
Самая 41 62013 2051
Юрик 45 64973 2051
Салия 63 87546 2051
Эльнар 63 64049 2051
Юрец 37 74245 2051
Иса 47 95145 2051
Мади 32 99713 2051
Гусейн 50 98481 2051
Виктория 63 83529 2051
Акерке 55 70973 2051
Эмили 42 96782 2051
Белая 59 83405 2051
Талия 55 80726 2051
Митяй 44 87802 2051
Борис 28 89452 2051
Гурген 61 93962 2051
Нютик 41 58532 2051
Лизаветка 34 56596 2051
Ядвига 44 94034 2051
Гоха 44 75495 2051
Сандра 52 63626 2051
Ванюха 59 56377 2051
Мариям 28 66183 2051
Лара 43 62055 2051
Ануар 40 69295 2051
Саха 60 84982 2051
Санта 48 61234 2051
Галюня 55 60950 2051
Авраам 41 75849 2051
Ингвар 56 59968 2051
Елизаветка 36 61375 2051
Дениза 29 82986 2051
Бибигуль 38 82231 2051
Романа 50 83486 2051
Макс 65 78907 2051
Маргарет 54 84216 2051
Фларид 61 93258 2051
Васима 62 60580 2051
Аина 61 85643 2051
Алексанр 55 66063 2051
Вікуля 42 87233 2051
Нана 36 96637 2051
Илшат 28 90763 2051
Надина 52 67171 2051
Надюша 26 84310 2051
Минигуль 63 80874 2051
Айганым 62 84002 2051
Аветис 58 76387 2051
Снежана 62 56739 2051
Гафур 46 75698 2051
Павлуша 56 88553 2051
Эртине 58 84276 2051
Сірожа 34 56409 2051
Кит 46 55779 2051
Владимир 64 55668 2051
Сирин 46 82209 2051
Дьулустан 31 58829 2051
Рудик 41 61173 2051
Генриетта 31 95869 2051
Башир 43 79340 2051
Назар 37 58545 2051
Андриян 29 57316 2051
Ди 59 94932 2051
Дашусик 48 62620 2051
Сашулька 30 74482 2051
Вета 48 92259 2051
Арыстан 39 55819 2051
Ли 38 98092 2051
Сурик 59 80691 2051
Поличка 59 98728 2051
Багдан 54 96813 2051
Кымбат 50 91327 2051
Рим 63 62953 2051
Ильмир 51 99017 2051
Баур 27 98571 2051
Юлдаш 58 57470 2051
Элхан 47 95148 2051
Викулька 36 77502 2051
Аксана 44 96358 2051
Ивашка 62 90038 2051
Эльбрус 38 79594 2051
Сашко 43 75572 2051
Паня 59 81848 2051
Исмет 36 60738 2051
Айшан 54 77771 2051
Раниль 30 62100 2051
Инка 43 99628 2051
Тоха 49 95595 2051
Вованчик 34 86542 2051
Фаик 44 82030 2051
Фаргат 46 80814 2051
Фред 55 60149 2051
Валодя 53 74594 2051
Ольга 29 84527 2051
Иннеса 55 73794 2051
Буянто 59 61350 2051
Лэйла 37 57251 2051
Азизбек 61 93832 2051
Кавказ 39 57831 2051
Ильвер 65 75871 2051
Амели 65 67064 2051
Чаян 32 65999 2051
Люля 54 62797 2051
Святослава 38 88363 2051
Есения 58 99257 2051
Бендер 51 63348 2051
Майк 40 75665 2051
Євгенія 59 81875 2051
Лаша 44 56005 2051
Ильвира 28 61034 2051
Ашот 39 86582 2051
Дэнис 32 71036 2051
Гани 55 73151 2051
Камилочка 43 79768 2051
Кристя 39 70671 2051
Дмитрий 36 83462 2051
Инсаф 57 70938 2051
Лина 38 99921 2051
Наталька 34 58121 2051
Серёжка 33 57265 2051
Зифа 53 85441 2051
Наида 34 78120 2051
Нелечка 26 83439 2051
Лариса 32 76638 2051
Олежка 62 81659 2051
Инга 36 62885 2051
Шура 55 83450 2051
Реналь 59 94607 2051
Смбат 34 96345 2051
Гелюся 35 60892 2051
Амур 63 98755 2051
Паха 59 60297 2051
Ануза 36 82131 2051
Некита 46 75984 2051
Маргариточка 62 85086 2051
Рифат 30 75288 2051
Сэсэг 34 81851 2051
Аминка 36 92951 2051
Настёнка 37 70771 2051
Настасия 34 94849 2051
Играю 47 97400 2051
Никит 40 89063 2051
Игорюха 35 79361 2051
Анастасийка 63 91248 2051
Ясенька 38 90719 2051
Іруся 49 78842 2051
Рамин 50 74852 2051
Рафкат 57 79574 2051
Брюс 58 67511 2051
Венер 59 82184 2051
Ульви 36 69629 2051
Маргорита 46 55241 2051
Казбек 54 97088 2051
Айаал 56 75730 2051
Иззат 50 80890 2051
Моя 37 59034 2051
Кати 57 81062 2051
Айла 42 74422 2051
Сымбат 27 86337 2051
Раф 65 92980 2051
Арминэ 36 97169 2051
Яшка 32 75277 2051
Алан 42 56135 2051
Мелик 47 67071 2051
Жанерке 63 97885 2051
Сашулечка 28 94972 2051
Каир 50 65804 2051
Низами 42 66278 2051
Саина 37 93155 2051
Ваге 45 66620 2051
Томачка 31 88882 2051
Колёк 42 71971 2051
Настюшка 52 98610 2051
Воха 51 75776 2051
Лерунчик 37 76874 2051
Доминик 50 90293 2051
Платон 44 74424 2051
Гиорги 46 81012 2051
Зарема 38 72996 2051
Ксюшка 46 68735 2051
Фарида 32 83887 2051
Гаяна 30 59592 2051
Ратибор 50 91036 2051
Никита 50 92193 2051
Разалия 44 63641 2051
Вовік 38 77489 2051
Максимильян 45 71172 2051
Аселя 33 70840 2051
Лейлочка 35 55404 2051
Назгуль 35 96371 2051
Ксю 46 88890 2051
Рафаель 44 86978 2051
Вита 42 75016 2051
Рамаз 39 64515 2051
Манюнька 64 63005 2051
Раечка 42 79828 2051
Френки 56 67742 2051
Сява 39 70807 2051
Эвилина 29 86517 2051
Дарина 62 82108 2051
Алекса 54 87227 2051
Владка 34 89751 2051
Олексій 59 98159 2051
Раймонд 53 67560 2051
Маріанна 49 65454 2051
Владюха 63 70177 2051
Валентина 38 55673 2051
Рустем 41 95683 2051
Тамаз 28 87236 2051
Мердан 28 95552 2051
Хельга 59 96245 2051
Варя 34 60815 2051
Юстина 62 58295 2051
Артьом 60 86045 2051
Трофим 42 56764 2051
Стасенька 28 79191 2051
Рувим 41 78285 2051
Насим 31 65683 2051
Нюточка 55 88821 2051
Аяулым 64 57748 2051
Витёк 34 93473 2051
Гузаль 55 91806 2051
Устин 51 81846 2051
Гузелия 41 99414 2051
Ипполит 32 90489 2051
Лёша 58 55290 2051
Данзан 33 91277 2051
Камиль 50 97661 2051
Анри 40 87146 2051
Фидания 42 84521 2051
Лёличка 59 71469 2051
Решат 39 71805 2051
Ринас 42 55911 2051
Лизик 52 59120 2051
Настюшенька 60 75825 2051
Аюша 33 78902 2051
Верка 50 61683 2051
Санёчек 26 76930 2051
Варфоломей 53 56805 2051
Гиоргий 55 87362 2051
Ахмет 39 72186 2051
Изя 36 96616 2051
Миха 52 67979 2051
Дашулик 57 65145 2051
Эржэна 36 82541 2051
Батыр 53 93534 2051
Анара 60 97636 2051
Євген 49 69744 2051
Тансылу 35 64225 2051
Фируз 27 91559 2051
Гертруда 38 78976 2051
Реваз 57 95270 2051
Эльмир 65 90990 2051
Валихан 29 60466 2051
Дженнет 58 77790 2051
Колька 33 62357 2051
Дильназ 27 56366 2051
Настюша 47 55897 2051
Алёха 61 64183 2051
Айсулу 36 75836 2051
Даут 30 94981 2051
Глаша 26 99067 2051
Иля 52 73209 2051
Дияр 64 77613 2051
Александра 34 56599 2051
Тоби 65 56609 2051
Хеда 46 65413 2051
Ильяз 45 86403 2051
Прохор 64 55917 2051
Васил 41 80223 2051
Варенька 50 78071 2051
Радмир 56 80578 2051
Катя 43 64596 2051
Член 45 67045 2051
Илдус 32 78485 2051
Натали 50 93630 2051
Нилуфар 45 90838 2051
Джонатан 51 90102 2051
Альтаир 40 66879 2051
Михалыч 37 73955 2051
Ранель 65 56502 2051
Леонтий 43 93735 2051
Юлий 40 92326 2051
Ильназ 32 94545 2051
Вероника 44 91930 2051
Хуан 63 77089 2051
Данир 45 98899 2051
Габриэль 45 76661 2051
Юнона 40 98834 2051
Сабира 37 72291 2051
Дашута 56 56414 2051
Викусичка 57 62424 2051
Эльза 49 96112 2051
Михал 28 59391 2051
Валерьян 51 63656 2051
Николь 30 59947 2051
Екатирина 42 85618 2051
Аничка 32 56046 2051
Ернур 35 73195 2051
Виолка 36 74188 2051
Валька 62 96148 2051
Медея 32 90025 2051
Руслан 49 72558 2051
Светослав 35 77128 2051
Дашунчик 38 61348 2051
Рузиля 28 79344 2051
Иришка 32 58030 2051
Гульназик 39 74968 2051
Чулпан 34 72213 2051
Виль 59 80473 2051
Айгулечка 38 60273 2051
Юлка 53 89411 2051
Дианка 43 95257 2051
Расих 57 74266 2051
Анзор 40 90860 2051
Сасори 39 66022 2051
Эльвир 59 82081 2051
Кермен 53 83785 2051
Макка 43 57133 2051
Валид 51 69875 2051
Евдоким 40 67673 2051
Орися 59 76663 2051
Гаврил 51 90297 2051
Элона 49 81193 2051
Симон 60 88262 2051
Рада 52 62135 2051
Арташес 61 68181 2051
Саида 42 57581 2051
Ларина 59 66839 2051
Вальтер 29 78922 2051
Зиночка 61 86122 2051
Жека 58 65086 2051
Валерчик 36 97585 2051
Дарьюшка 39 75012 2051
Талян 60 77077 2051
Ван 47 89133 2051
Петрос 55 71664 2051
Чингис 52 79499 2051
Лиля 41 59242 2051
Василь 40 92389 2051
Фиргат 28 86692 2051
Барт 29 56438 2051
Осман 44 78431 2051
Боря 49 87139 2051
Самат 31 81420 2051
Чодураа 43 85140 2051
Иршат 64 86716 2051
Зария 51 79775 2051
Мішка 51 93671 2051
Давид 53 99419 2051
Миранда 30 61896 2051
Рашад 61 96813 2051
Беата 41 81399 2051
Даниела 33 72501 2051
Ариша 33 55131 2051
Рубина 37 81645 2051
Аделиночка 62 73206 2051
Лялька 51 88446 2051
Гульфина 43 60650 2051
Гульфия 31 65063 2051
Ивета 61 66407 2051
Лейсян 44 80340 2051
Нати 54 66963 2051
Мустафа 35 92168 2051
Гульнура 65 71680 2051
Заира 63 97107 2051
Алешка 44 97267 2051
Илез 42 61409 2051
Пейн 32 63773 2051
Халит 42 64497 2051
Эржена 45 75811 2051
Булат 35 73071 2051
Юлько 34 85686 2051
Ридаль 52 90370 2051
Ліля 61 61132 2051
Нюся 43 87883 2051
Бронислав 51 79665 2051
Майли 28 71029 2051
Бажена 31 75165 2051
Жасулан 62 98168 2051
Сеймур 37 74331 2051
Арзу 37 67863 2051
Васильев 55 79350 2051
Татка 32 59012 2051
Сер 26 64829 2051
Разия 42 80576 2051
Курт 65 69061 2051
Лерика 33 77942 2051
Виталёк 62 93481 2051
Кирил 39 62076 2051
Акмаль 63 86797 2051
Рафис 28 59545 2051
Нікіта 42 72472 2051
Маруф 28 73406 2051
Владік 41 69937 2051
Ефросинья 46 70137 2051
Эцио 54 67116 2051
Єгор 49 91799 2051
Батор 38 67779 2051
Анжелочка 39 64347 2051
Марта 56 85476 2051
Ришад 43 97386 2051
Дарія 47 64200 2051
Арюна 42 76603 2051
Руля 39 89638 2051
Улугбек 60 57845 2051
Люблю 63 71761 2051
Арчил 31 58878 2051
Айбулат 63 61564 2051
Эльнур 39 78864 2051
Любомир 55 67730 2051
Лияна 53 56898 2051
Марян 53 84560 2051
Эмилия 52 61961 2051
Маржан 45 64531 2051
Наргиза 61 98706 2051
Ванчик 56 68294 2051
Константин 29 64627 2051
Луиза 45 97891 2051
Гузелечка 49 66492 2051
Зарина 51 93225 2051
Никифор 39 59045 2051
Кристюша 50 65943 2051
Милочка 52 68377 2051
Фатя 34 62551 2051
Янчик 64 92344 2051
Федор 60 72857 2051
Аяжан 57 99824 2051
Арай 52 78840 2051
Саймон 30 67355 2051
Саит 56 89207 2051
Дашунька 62 92288 2051
Владуся 28 88597 2051
Андріяна 37 80781 2051
Ниджат 64 56664 2051
Севиль 35 55648 2051
Светулечка 47 72238 2051
Рус 52 88364 2051
Менги 62 96616 2051
Кирюха 37 80336 2051
Идрис 45 91076 2051
Мансур 33 69934 2051
Крошка 43 99612 2051
Вартан 27 90252 2051
Моисей 48 98063 2051
Аннушка 36 75934 2051
Анжеліка 39 75920 2051
Веталь 65 93936 2051
Жан 28 56600 2051
Сашик 33 85442 2051
Флорид 54 94378 2051
Лениза 42 76453 2051
Родион 32 87187 2051
Кристюха 46 96157 2051
Хаджимурад 40 68491 2051
Галечка 36 60252 2051
Алиюшка 36 79027 2051
Лёлька 37 96700 2051
Надюшечка 53 55835 2051
Адэль 53 80670 2051
Якуб 31 66521 2051
Хатуна 51 74605 2051
Айдан 58 85702 2051
Отар 42 74493 2051
Анька 65 94300 2051
Аза 63 84304 2051
Элена 55 60220 2051
Марія 46 66404 2051
Шариф 37 59914 2051
Биржан 31 77291 2051
Рузанна 64 70177 2051
Галима 61 75878 2051
Кирик 44 78225 2051
Лєра 47 62726 2051
Дилярочка 34 60769 2051
Генри 64 58928 2051
Гульнара 46 90084 2051
Ричард 26 89183 2051
Танічка 31 56505 2051
Рафида 58 87412 2051
Кирюшка 42 88495 2051
Айзиля 53 80603 2051
Тихон 54 96015 2051
Бибинур 35 70372 2051
Сервер 54 78970 2051
Тайлер 64 79813 2051
Катёна 51 80256 2051
Снежка 27 99102 2051
Ле 45 85947 2051
Димарик 59 89794 2051
Эльмира 30 99246 2051
Саньок 29 89383 2051
Ильяс 35 78051 2051
Фаррух 56 70037 2051
Леопольд 46 93505 2051
Овик 65 97116 2051
Олька 56 55896 2051
Ілюша 56 98139 2051
Филюс 36 74419 2051
Индирочка 33 98404 2051
Гарик 31 84402 2051
Муза 58 91275 2051
Аманжол 54 74269 2051
Зариночка 36 65008 2051
Виолетка 29 79382 2051
Молдир 62 79960 2051
Феникс 48 59649 2051
Інна 65 82713 2051
Казим 32 73628 2051
Морис 51 94998 2051
Жаксылык 55 82158 2051
Ваван 28 66459 2051
Міха 42 76562 2051
Территория 54 97950 2051
Мигель 44 70124 2051
Любка 35 68914 2051
Рауан 41 59175 2051
Сара 51 94819 2051
Ванесса 32 72826 2051
Рустик 59 63573 2051
